# oST version 5.0 parameters


[image]

width
1600

height
1100

[narrow_stereo]

camera matrix
879.784998 0.000000 807.010092
0.000000 881.182056 558.612632
0.000000 0.000000 1.000000

distortion
-0.098412 0.041283 -0.000309 0.000307 0.000000

rectification
1.000000 0.000000 0.000000
0.000000 1.000000 0.000000
0.000000 0.000000 1.000000

projection
830.203369 0.000000 807.602998 0.000000
0.000000 850.547302 558.247813 0.000000
0.000000 0.000000 1.000000 0.000000
